  0.76644325256347656     
  0.30643081665039062     
  0.27877616882324219     
  0.40381622314453125     
  0.93997383117675781     
  0.59782028198242188     
  0.39163780212402344     
  0.92848205566406250     
  0.63474464416503906     
  0.42021560668945312     
  0.27964591979980469     
  0.33180999755859375     
  0.79606819152832031     
  0.40642929077148438     
  0.76311302185058594     
  0.12161254882812500     
  0.11925697326660156     
  0.93927383422851562     
  0.41235160827636719     
  0.55570220947265625     
   4.9623489379882812E-002
  0.15156173706054688     
  0.54767417907714844     
  0.64189147949218750     
  0.78248023986816406     
  0.92610549926757812     
  0.23939323425292969     
  0.13799285888671875     
  0.26313972473144531     
  0.89571762084960938     
  0.30782127380371094     
  0.55181884765625000     
  0.18691444396972656     
  0.44321060180664062     
  0.32327079772949219     
  0.14118194580078125     
  0.99911689758300781     
  0.70139694213867188     
  0.60605430603027344     
  0.91389465332031250     
  0.89505958557128906     
  0.55308914184570312     
  0.22648429870605469     
  0.62776947021484375     
  0.82005500793457031     
  0.63109970092773438     
   4.8732757568359375E-003
  0.79061889648437500     
  0.46941566467285156     
  0.31824111938476562     
  0.51153373718261719     
  0.66025543212890625     
  0.28845405578613281     
  0.74732589721679688     
   6.6778182983398438E-002
  0.24449157714843750     
  0.47248268127441406     
  0.80116653442382812     
  0.74091911315917969     
  0.30113983154296875     
  0.96681404113769531     
  0.11257553100585938     
  0.35426902770996094     
  0.33801269531250000     
  0.46676063537597656     
   6.4365386962890625E-002
  0.47714042663574219     
  0.61292266845703125     
  0.41763496398925781     
  0.78934860229492188     
  0.42984580993652344     
  0.13368225097656250     
   1.4749526977539062E-002
  0.17033767700195312     
  0.28269767761230469     
  0.65810394287109375     
  0.20341682434082031     
  0.84014511108398438     
  0.85600852966308594     
  0.69400024414062500     
  0.67894935607910156     
  0.18158340454101562     
  0.72009086608886719     
  0.49918365478515625     
  0.88665962219238281     
  0.32746505737304688     
  0.19525718688964844     
   8.1466674804687500E-002
   2.1860122680664062E-002
  0.16060256958007812     
  0.35181999206542969     
  0.19866180419921875     
   2.9863357543945312E-002
  0.31380844116210938     
   1.0091781616210938E-002
  0.35858154296875000     
  0.60598182678222656     
  0.16989517211914062     
  0.74038505554199219     
  0.81903839111328125     
  0.19552803039550781     
  0.86167526245117188     
  0.86301231384277344     
  0.58784484863281250     
  0.99381446838378906     
